257 0 2097152 0 0 0 0 0 0 0 
100492 0 2097282 0 0 0 0 0 0 0 
196748 0 2097282 0 0 0 0 0 0 0 
16453 0 2097153 0 0 0 0 0 0 0 
16453 0 2097152 0 0 0 0 0 0 0 
32805 1 270532769 0 150544944 0 0 0 0 0 1 0 0 
2188 0 2097282 0 0 0 0 0 0 0 
301196 0 2097282 0 0 0 0 0 0 0 
202892 0 2097282 0 0 0 0 0 0 0 
2053 0 2097152 0 0 0 0 0 0 0 
104588 0 2097282 0 0 0 0 0 0 0 
200844 0 2097282 0 0 0 0 0 0 0 
16421 1 2098368 0 0 0 0 0 0 0 
6284 0 2097282 0 0 0 0 0 0 0 
305292 0 2097282 0 0 0 0 0 0 0 
102540 0 2097282 0 0 0 0 0 0 0 
1048661 0 2097280 0 0 0 0 0 0 0 
4236 0 2097282 0 0 0 0 0 0 0 
81957 1 270532801 0 150602112 0 0 0 0 0 1 0 0 
108684 0 2097282 0 0 0 0 0 0 0 
8324 0 2097280 0 0 0 0 0 0 0 
16485 1 2097152 0 0 0 0 0 0 0 
8197 0 2097152 0 0 0 0 0 0 0 
8324 0 2097282 0 0 0 0 0 0 0 
10380 0 2097282 0 0 0 0 0 0 0 
106636 0 2097282 0 0 0 0 0 0 0 
8332 0 2097282 0 0 0 0 0 0 0 
112780 0 2097282 0 0 0 0 0 0 0 
8340 0 2097280 0 0 0 0 0 0 0 
8213 0 2097152 0 0 0 0 0 0 0 
8340 0 2097282 0 0 0 0 0 0 0 
14476 0 2097282 0 0 0 0 0 0 0 
110732 0 2097282 0 0 0 0 0 0 0 
16421 0 2100224 0 0 0 0 0 0 0 
12428 0 2097282 0 0 0 0 0 0 0 
8348 0 2097282 0 0 0 0 0 0 0 
321 0 2097152 0 0 0 0 0 0 0 
116876 0 2097282 0 0 0 0 0 0 0 
18572 0 2097282 0 0 0 0 0 0 0 
317580 0 2097282 0 0 0 0 0 0 0 
114828 0 2097282 0 0 0 0 0 0 0 
219276 0 2097282 0 0 0 0 0 0 0 
16397 0 2097152 0 0 0 0 0 0 0 
2117 0 2097152 0 0 0 0 0 0 0 
16524 0 2097282 0 0 0 0 0 0 0 
2629 0 2097152 0 0 0 0 0 0 0 
16405 0 2097152 0 0 0 0 0 0 0 
22668 0 2097282 0 0 0 0 0 0 0 
118924 0 2097282 0 0 0 0 0 0 0 
223372 0 2097282 0 0 0 0 0 0 0 
16412 0 2097152 0 0 0 0 0 0 0 
2133 0 2097152 0 0 0 0 0 0 0 
20620 0 2097282 0 0 0 0 0 0 0 
81957 0 2097280 0 0 0 0 0 0 0 
125068 0 2097282 0 0 0 0 0 0 0 
16418 0 2097152 0 0 0 0 0 0 0 
221324 0 2097282 0 0 0 0 0 0 0 
16421 0 2097152 0 0 0 0 0 0 0 
8261 0 2097152 0 0 0 0 0 0 0 
2117 1 2097184 0 0 0 0 0 0 0 
24716 0 2097282 0 0 0 0 0 0 0 
8277 1 2097152 0 0 0 0 0 0 0 
8277 0 2097152 0 0 0 0 0 0 0 
30860 0 2097282 0 0 0 0 0 0 0 
28812 0 2097282 0 0 0 0 0 0 0 
327820 0 2097282 0 0 0 0 0 0 0 
257 0 2097280 0 0 0 0 0 0 0 
133260 0 2097282 0 0 0 0 0 0 0 
256 0 2097280 0 0 0 0 0 0 0 
321 1 2097344 0 0 0 0 0 0 0 
1028 0 2097282 0 0 0 0 0 0 0 
257 0 2097282 0 0 0 0 0 0 0 
1029 0 2097282 0 0 0 0 0 0 0 
256 0 2097282 0 0 0 0 0 0 0 
16453 0 2097280 0 0 0 0 0 0 0 
34956 0 2097282 0 0 0 0 0 0 0 
517 0 2097280 0 0 0 0 0 0 0 
131212 0 2097282 0 0 0 0 0 0 0 
8235 0 2097281 0 0 0 0 0 0 0 
1029 16 2228226 0 0 0 0 0 256 0 
16397 1 2097344 0 0 0 0 0 0 0 
2053 0 2097280 0 0 0 0 0 0 0 
2052 0 2097282 0 0 0 0 0 0 0 
32908 0 2097282 0 0 0 0 0 0 0 
2053 0 2097282 0 0 0 0 0 0 0 
137356 0 2097282 0 0 0 0 0 0 0 
233612 0 2097282 0 0 0 0 0 0 0 
16469 0 2097280 0 0 0 0 0 0 0 
16453 1 270532753 0 151524656 0 0 0 0 0 1 0 0 
39052 0 2097282 0 0 0 0 0 0 0 
2053 16 2228226 0 0 0 0 0 256 0 
135308 0 2097282 0 0 0 0 0 0 0 
239756 0 2097282 0 0 0 0 0 0 0 
37004 0 2097282 0 0 0 0 0 0 0 
141452 0 2097282 0 0 0 0 0 0 0 
16418 1 270532801 0 151575936 0 0 0 0 0 1 0 0 
16418 1 2097344 0 0 0 0 0 0 0 
237708 0 2097282 0 0 0 0 0 0 0 
16421 1 2097344 0 0 0 0 0 0 0 
8196 0 2097280 0 0 0 0 0 0 0 
8213 1 2097296 0 0 0 0 0 0 0 
16421 1 270532801 0 151575216 0 0 0 0 0 1 0 0 
8197 0 2097280 0 0 0 0 0 0 0 
16453 1 270532769 0 151577056 0 0 0 0 0 1 0 0 
24645 0 2097280 0 0 0 0 0 0 0 
43148 0 2097282 0 0 0 0 0 0 0 
139404 0 2097282 0 0 0 0 0 0 0 
41100 0 2097282 0 0 0 0 0 0 0 
145548 0 2097282 0 0 0 0 0 0 0 
8388693 0 2097152 0 0 0 0 0 0 0 
8212 0 2097280 0 0 0 0 0 0 0 
8277 1 2097344 0 0 0 0 0 0 0 
8213 0 2097280 0 0 0 0 0 0 0 
8212 0 2097282 0 0 0 0 0 0 0 
47244 0 2097282 0 0 0 0 0 0 0 
16421 0 2100736 0 0 0 0 0 0 0 
143500 0 2097282 0 0 0 0 0 0 0 
8221 0 2097280 0 0 0 0 0 0 0 
45196 0 2097282 0 0 0 0 0 0 0 
29491205 0 2097282 0 0 0 0 0 0 0 
321 0 2097280 0 0 0 0 0 0 0 
149644 0 2097282 0 0 0 0 0 0 0 
321 0 2097282 0 0 0 0 0 0 0 
16421 1 2097312 0 0 0 0 0 0 0 
16453 1 270532801 0 151585376 0 0 0 0 0 1 0 0 
16389 0 2097280 0 0 0 0 0 0 0 
16421 1 270532769 0 151585536 0 0 0 0 0 1 0 0 
51340 0 2097282 0 0 0 0 0 0 0 
147596 0 2097282 0 0 0 0 0 0 0 
16421 1 2100368 0 0 0 0 0 0 0 
16397 0 2097280 0 0 0 0 0 0 0 
2117 0 2097280 0 0 0 0 0 0 0 
49292 0 2097282 0 0 0 0 0 0 0 
2629 0 2097280 0 0 0 0 0 0 0 
321 1 2097296 0 0 0 0 0 0 0 
8277 1 2097312 0 0 0 0 0 0 0 
16404 0 2097280 0 0 0 0 0 0 0 
16405 0 2097280 0 0 0 0 0 0 0 
4165 0 2097280 0 0 0 0 0 0 0 
20485 0 2097280 0 0 0 0 0 0 0 
16405 0 2097282 0 0 0 0 0 0 0 
151692 0 2097282 0 0 0 0 0 0 0 
8277 5 2228352 0 0 0 0 0 0 0 
256140 0 2097282 0 0 0 0 0 0 0 
16397 1 2097296 0 0 0 0 0 0 0 
53388 0 2097282 0 0 0 0 0 0 0 
352396 0 2097282 0 0 0 0 0 0 0 
8277 0 2228352 0 0 0 0 0 0 0 
16421 0 2097664 0 0 0 0 0 0 0 
16418 0 2097282 0 0 0 0 0 0 0 
157836 0 2097282 0 0 0 0 0 0 0 
321 1 2097312 0 0 0 0 0 0 0 
16418 0 2097280 0 0 0 0 0 0 0 
1048597 0 2097152 0 0 0 0 0 0 0 
8277 1 2097296 0 0 0 0 0 0 0 
8261 0 2097280 0 0 0 0 0 0 0 
16421 0 2097280 0 0 0 0 0 0 0 
8277 1 270532753 0 151599776 0 0 0 0 0 1 0 0 
41029 0 2097152 0 0 0 0 0 0 0 
59532 0 2097282 0 0 0 0 0 0 0 
256 0 2097282 0 0 0 0 0 192 0 
260236 0 2097282 0 0 0 0 0 0 0 
57484 0 2097282 0 0 0 0 0 0 0 
161932 0 2097282 0 0 0 0 0 0 0 
16418 1 2097296 0 0 0 0 0 0 0 
16421 1 2097296 0 0 0 0 0 0 0 
8213 1 2097344 0 0 0 0 0 0 0 
8261 1 2097296 0 0 0 0 0 0 0 
8277 0 2097280 0 0 0 0 0 0 0 
16421 1 270532753 0 151615648 0 0 0 0 0 1 0 0 
63628 0 2097282 0 0 0 0 0 0 0 
362636 0 2097282 0 0 0 0 0 0 0 
61580 0 2097282 0 0 0 0 0 0 0 
166028 0 2097282 0 0 0 0 0 0 0 
67724 0 2097282 0 0 0 0 0 0 0 
163980 0 2097282 0 0 0 0 0 0 0 
65676 0 2097282 0 0 0 0 0 0 0 
71820 0 2097282 0 0 0 0 0 0 0 
168076 0 2097282 0 0 0 0 0 0 0 
272524 0 2097282 0 0 0 0 0 0 0 
69772 0 2097282 0 0 0 0 0 0 0 
16421 1 2097856 0 0 0 0 0 0 0 
75916 0 2097282 0 0 0 0 0 0 0 
172172 0 2097282 0 0 0 0 0 0 0 
257 0 2097282 0 0 0 0 0 1024 0 
73868 0 2097282 0 0 0 0 0 0 0 
372876 0 2097282 0 0 0 0 0 0 0 
16421 0 2101248 0 0 0 0 0 0 0 
80012 0 2097282 0 0 0 0 0 0 0 
176268 0 2097282 0 0 0 0 0 0 0 
2053 0 2097282 0 0 0 0 0 1024 0 
77964 0 2097282 0 0 0 0 0 0 0 
182412 0 2097282 0 0 0 0 0 0 0 
84108 0 2097282 0 0 0 0 0 0 0 
82060 0 2097282 0 0 0 0 0 0 0 
186508 0 2097282 0 0 0 0 0 0 0 
88204 0 2097282 0 0 0 0 0 0 0 
184460 0 2097282 0 0 0 0 0 0 0 
16421 0 2098176 0 0 0 0 0 0 0 
86156 0 2097282 0 0 0 0 0 0 0 
1048596 0 2097280 0 0 0 0 0 0 0 
1048597 0 2097280 0 0 0 0 0 0 0 
98341 1 270532801 0 151412000 0 0 0 0 0 1 0 0 
1048597 0 2097282 0 0 0 0 0 0 0 
90252 0 2097282 0 0 0 0 0 0 0 
296 0 2097286 0 0 0 0 0 264 0 
194700 0 2097282 0 0 0 0 0 0 0 
96396 0 2097282 0 0 0 0 0 0 0 
192652 0 2097282 0 0 0 0 0 0 0 
262148 0 2097280 0 0 0 0 0 0 0 
262149 0 2097280 0 0 0 0 0 0 0 
94348 0 2097282 0 0 0 0 0 0 0 
198796 0 2097282 0 0 0 0 0 0 0 
